id SFR_ha SFR_ha_err SFR_uv SFR_uv_err SFR_sed SFR_sed_l68 SFR_sed_u68 M_star_mean M_star_median M_star_68_l Mv EW_rest_corr EW_rest_err_corr metal_O32 metal_O32_err metal_R23 metal_R23_err comment
309_1_2 2.1225242385299583 0.47817284906824603 2.4194558267122463 0.4318785476806053 0.07898294 0.043895528 0.11429473 9.914691 9.916176 9.888264 -18.82138361116285 28.81291608397992 5.647664080328617 -99.0 -99.0 -99.0 -99.0 AGN-candidate
309_1_3 9.309433340117446 1.4744982854089914 3.8894716870631116 1.1248909549026591 8.051195 6.1884027 9.927194 9.9672 9.953505 9.7936735 -17.604881520283318 61.513350074693 9.063699202430683 8.32 0.08 -99.0 -99.0 -
309_1_4 0.547889706636215 0.1280064013602816 0.5246532369930359 0.07253426441250317 0.21157776 0.13975143 0.28171474 7.471259599999999 7.4548383 7.2589083 -99.0 -5343.050130565268 -1249.0509684828382 -99.0 -99.0 -99.0 -99.0 -
309_1_5 19.65341162955353 1.6414535570021542 26.602441752856787 1.3301220876428401 24.48079 22.92544 26.099865 10.602702 10.635536 10.488003 -20.63375397781173 84.39758054920853 6.769138678596008 8.71 0.03 8.63 0.06 Extended_relative_to_slit
309_1_6 1.8751988178837045 0.5230553775180273 11.052438047215917 1.2185473282230312 1.3718402 1.0898322 1.6375735 8.379475999999999 8.372688 8.298302 -18.287053022764407 -75.2595 -99.0 8.43 0.05 -99.0 -98.0 AGN-candidate
309_1_7 8.388692258490904 0.4480675364197797 -99.0 -99.0 -99.0 -99.0 -99.0 -99.0 -99.0 -99.0 -99.0 -2530.556471103552 -135.31596223664928 8.63 0.03 8.33 -98.0 -
309_1_8 7.687021246022224 0.5283575014554299 6.7783871206094055 1.0170051041019266 3.1768339 2.910343 3.4541862 7.5025460000000015 7.4831405 7.445781 -17.929766750304093 631.09606653144 43.09128368588807 7.99 0.07 8.54 0.13 -
309_1_9 9.453135865366662 0.6376156792278126 16.38196929120889 0.9219290077303705 5.0223947 4.3301215 5.692203 9.072583 9.070348 8.988453999999997 -19.304054045961426 138.47405501182362 9.070125469467243 8.44 0.04 -99.0 -99.0 Double-galaxy
309_1_10 17.608290055455328 1.4714684899082668 33.082013347310664 1.6541006673655332 7.834534599999999 6.080441 11.583998 9.659236 9.680161 9.4490385 -19.896021192887662 115.51132364678527 9.294407748877958 8.73 0.05 -99.0 -98.0 -
309_1_11 24.83160439361698 0.9944459324379922 56.78182152694117 2.8390910763470574 25.0167 23.53583 26.452164 9.981297 9.980978 9.952583 -20.45777289379569 135.93827182395006 5.275813072817002 8.58 0.06 8.84 0.07 -
309_1_12 0.9619703701956364 0.09623316957309748 0.4841677314614505 0.08838430914905067 4.204386 3.6402657 4.755793 7.7062664 7.6055245 7.5476565 -99.0 329.223479636228 32.63935472437274 -99.0 -99.0 -99.0 -99.0 -
309_1_13 8.636855353848476 1.391100444683865 12.769890029207499 1.0785658245172032 2.9642646 2.1111398 3.7313457 8.402892999999999 8.383369 8.260433 -18.830510220630487 238.8291989659295 37.81295703825465 8.4 0.06 -99.0 -99.0 -
309_1_14 8.074595702485471 0.9837648240790672 19.62311959874331 0.9811559799371654 2.6565304 2.5522175 2.7559150000000003 10.294386 10.293804 10.256584 -99.0 16.146046605496615 1.615192035796266 8.74 0.03 8.96 -99.0 -
309_1_15 11.207542010003383 2.2866894990697286 52.227923414536534 2.6113961707268265 6.642877 5.773607 7.561084299999999 9.123085 9.047357 9.011108 -19.8598719041798 83.75937168745897 16.145653670387397 8.43 0.08 8.63 0.18 -
309_1_16 24.535189668560005 0.7633249817403368 27.991160600482306 1.3995580300241155 29.256964 26.625565 31.925695 9.0686655 9.053939 8.958313 -19.689492874228748 306.19147201076146 9.413414434436731 8.41 0.04 8.44 -98.0 -
309_1_17 4.4185997303795945 0.8780200102103722 0.5068606683126997 0.2773097881346077 11.297489 7.5206914 15.03014 9.159069 9.108469 8.999085000000003 -18.03913481678294 247.46837173644928 48.45423661148976 -99.0 -99.0 -99.0 -99.0 -
309_1_17 4.4185997303795945 0.8780200102103722 0.5068606683126997 0.2773097881346077 11.297489 7.5206914 15.03014 9.159069 9.108469 8.999085000000003 -18.03913481678294 247.46837173644928 48.45423661148976 -99.0 -99.0 -99.0 -99.0 -
309_1_18 3.299820443746573 0.41076622125674855 -99.0 -99.0 3.6530046 1.644149 5.798324 7.647156 7.540715700000002 7.232408 -99.0 1565.787233637233 194.42078020401664 -99.0 -99.0 -99.0 -99.0 -
62_1_3 31.48383036681119 9.271260871178198 -99.0 -99.0 8.422074 4.8829400000000005 12.130602 10.167456 10.090633 9.9098 -21.348922316543838 29.953171174686616 7.596876101900527 -99.0 -99.0 -99.0 -99.0 -
62_1_4 19.630909714686588 3.958603179288002 -99.0 -99.0 27.28786 20.096296 34.889336 8.480035 8.423878 8.300122 -16.192137441089407 645.486447986348 129.18491716723554 -99.0 -99.0 -99.0 -99.0 -
62_1_5 26.01419453641523 5.214210478968825 -99.0 -99.0 52.093742 36.001247 67.88643 10.386509 10.32572 10.214894 -20.85095116672972 89.52665319902711 17.200814409227384 -99.0 -99.0 -99.0 -99.0 -
62_1_6 3.4555097713586416 0.3783840813739645 -99.0 -99.0 0.92912745 0.81721693 1.0345334000000002 9.065503 8.979467999999997 8.742396000000001 -18.938531928722178 56.74195303559871 5.871459003236247 8.62 0.01 8.54 0.02 -
62_1_7 8.550596967842557 0.4410881870191544 -99.0 -99.0 2.6365707 1.9681654 3.2904449 7.4058259999999985 7.375594599999999 7.275103 -16.437274819793778 36860.42697048242 1901.1967499519524 -99.0 -99.0 -99.0 -99.0 -
62_1_8 0.8153340630173307 0.2503292580535958 -99.0 -99.0 0.44339758 0.28155726 0.5882319 7.295317999999999 6.836801 6.6296979999999985 -99.0 488.9823634604106 149.29785923753667 -99.0 -99.0 -99.0 -99.0 -
62_1_9 42.44507914786031 18.358209384001643 -99.0 -99.0 93.205605 89.40375 96.72542 8.956541 8.950646 8.932269999999997 -20.25053064894519 344.5872144561403 147.43783333333334 -99.0 -99.0 -99.0 -99.0 -
62_1_11 2.8718998954778425 0.3192427508658716 -99.0 -99.0 0.6593998000000001 0.5617694999999999 0.7574801999999999 8.674797 8.634589 8.336358 -18.10385050187023 131.45793859215746 14.27794741588086 8.51 0.01 8.09 0.06 -
62_1_13 -99.0 -99.0 -99.0 -99.0 55.352036 47.08755 65.137764 8.814433 8.745882 8.667575 -19.42603421092412 140.04946 22.275499999999994 -99.0 -99.0 -99.0 -99.0 -
62_1_14 -99.0 -99.0 -99.0 -99.0 101.52425 39.463455 155.35172 10.368044 10.321875 10.117549 -20.78956637099463 95.2954 -99.0 8.46 0.05 8.63 0.49 -
62_1_15 6.137276325369501 0.41772348649125135 -99.0 -99.0 3.920702200000001 2.8702693 4.926686 7.5937285 7.575363 7.4445863 -16.507230464133066 4112.822187339864 279.69175772419 -99.0 -99.0 -99.0 -99.0 -
62_1_16 16.557366885467573 1.9003998552429653 -99.0 -99.0 5.6210995000000015 4.4925203 6.581569 10.024735 9.966908 9.927513 -99.0 23.882914304031083 2.407431920835357 8.52 0.01 8.8 0.02 Extended_relative_to_slit
62_1_17 7.784616470829247 1.728538481138688 -99.0 -99.0 4.368798 2.5324132 6.0342026 7.871942 7.6108785 7.4002757 -15.856191915497297 425.95188386883694 93.59951545175747 -99.0 -99.0 -99.0 -99.0 -
64_2_5 37.73912401277232 3.5275667662697416 147.46679247955012 8.867395326452726 36.23452 31.588549 40.418594 10.76365 10.81725 10.784032 -21.56494600340568 55.79982726349333 4.775189523999202 8.63 0.05 -99.0 -98.0 -
64_2_6 2.106306339357129 0.37630770594124585 2.8302526556088936 0.4989447502886973 0.4886263 0.44567242 0.53094757 9.208709 9.207882 9.190954 -18.500558289359684 52.33730008330951 8.797148412925367 8.64 0.02 8.64 0.04 -
64_2_7 2.9599346707496443 0.8698404485462743 1.4361115176234824 0.5969421019058855 1.1929376 0.8400989999999999 1.5688074 7.337691 7.073619 6.9275354999999985 -16.414617227732855 1370.9571686152103 401.7532108399547 -99.0 -99.0 -99.0 -99.0 -
64_2_8 4.826013668083227 0.8586621668158609 3.2205258046896814 0.3959872892437619 0.0024880888 0.0003236693 0.004436782 9.9463215 9.934818 9.923482 -19.65490145212177 16.025603942382965 2.2754518240175337 -99.0 -99.0 -99.0 -99.0 -
64_2_9 -99.0 -99.0 44.95141941993634 4.75206205861678 88.70871 75.51106999999998 101.85127 8.931832 8.918664 8.857967 -99.0 -92.63332 -99.0 7.96 0.21 8.52 -98.0 -
64_2_10 1.6984194961940875 0.3321003281315769 1.491479407838613 0.2736284855925535 1.010045 0.7026014 1.2831229 8.03421 7.9093575 7.7508063 -16.851025876059076 299.96888927933514 58.00517960276093 8.33 0.02 7.88 0.25 -
64_2_11 11.700436991895563 1.335789306232538 18.919932661519056 0.9459966330759528 6.8592143 5.8323274000000005 7.961939 9.852151 9.852231 9.842221 -20.088786924608694 73.76133373031544 8.034793727425956 -99.0 -99.0 -99.0 -99.0 -
64_2_12 9.61543656666074 1.3742871858084416 23.566272662267274 1.3638554882139424 6.077922 5.4948435 6.663722 9.006866 9.005522000000003 8.959213 -19.717129173704873 95.50985657003321 13.093786520804848 8.37 0.05 8.66 0.1 -
64_2_13 30.362578071471308 7.305062913183925 61.96316861750993 3.515640772624677 30.058737 18.711222 40.773197 10.320694 10.313173 10.156174 -20.527139779838624 143.33813465573374 33.272905251416866 -99.0 -99.0 -99.0 -99.0 -
64_2_14 3.644907320749237 0.8924680834928542 1.934868114819344 1.0143677030001783 2.8150618 2.101488 3.509930600000001 7.8767004 7.4844035999999985 7.333609599999999 -17.30841381766651 -22238.476726778885 -5446.434181331291 -99.0 -99.0 -99.0 -99.0 -
64_2_15 30.10012043729362 3.765348835374373 17.670641665153013 0.9525635953169866 20.357178 14.775313 26.416399 10.995217 10.994873 10.9870825 -21.6231970415405 49.742855221928664 5.748002675033025 8.2 0.04 -99.0 -99.0 Hb-artificat
64_2_16 -99.0 -99.0 36.606696590484646 6.199621982796315 12.906508 9.493886 15.945444 8.276968 8.144810000000001 8.033764999999999 -19.438396844663018 -93.12484 -99.0 8.2 0.13 8.45 -98.0 -
64_2_18 0.6078679337839975 0.13592028362678898 1.6360062095915555 0.13247349458383129 0.8420283000000002 0.51246125 1.1365596000000002 8.271262 8.242252 8.100465 -99.0 86.30922674072521 18.63495971494445 -99.0 -99.0 -99.0 -99.0 -
309_2_1 33.20645641323443 3.872847735148108 32.14470318527625 3.5026325567804126 14.798387 13.660765 15.917520499999998 8.15339 8.146806 8.115153999999999 -19.312041581151387 655.8804073398593 75.90010876409639 8.02 0.14 8.36 0.11 -
309_2_3 -99.0 -99.0 4.59286872748554 2.9904311284635505 2.5062454 1.9676156 3.0249562 7.4437003 7.3667917 7.283798700000001 -17.246158915963672 -93.82824 -99.0 -99.0 -99.0 -99.0 -99.0 -
309_2_4 -99.0 -99.0 65.54186646596925 3.2770933232984625 7.899696400000002 7.1463966 8.618477 8.456693 8.448678 8.39955 -19.115723554864854 -93.53847999999999 -99.0 8.25 0.04 -99.0 -99.0 -
309_2_5 -99.0 -99.0 97.16121469292557 10.359248855350042 34.00462 28.441927000000003 39.021255 9.441709 9.440216 9.374149 -20.501922902944415 -93.25084 -99.0 8.41 0.04 -99.0 -99.0 -
309_2_6 1.0861875531863388 0.2025968278793652 0.8546571276355757 0.20529349386208648 0.7128233 0.4907844 0.9231882 7.1975546 6.9532776 6.789931 -15.875313549006274 584.6530442105262 108.44515964912284 -99.0 -99.0 -99.0 -99.0 -
309_2_7 -99.0 -99.0 -99.0 -99.0 17.718353 12.463467 22.697731 9.277782 9.27402 9.144318 -19.622670458764667 -93.65496 -99.0 -99.0 -98.0 8.47 -98.0 -
309_2_8 3.4973752637405187 0.5743498997124555 4.090715570986641 1.215873551402219 1.3207301000000002 0.96993333 1.6332004999999998 7.4484270000000015 7.127756 6.9833727 -16.89098273400806 429.26885565217395 69.77405217391305 -99.0 -99.0 -99.0 -99.0 -
309_2_9 0.4897983692541199 0.1464749548434891 0.2641488685116185 0.2641488685116185 0.62176275 0.24207358 0.9736298 7.005962400000001 6.8356309999999985 6.554537299999999 -99.0 -6141.387219435607 -1837.4466957414056 -99.0 -99.0 -99.0 -99.0 -
309_2_11 3.10564684378118 0.42522289325552304 4.624842773351029 0.2312421386675515 0.97463536 0.92418826 1.0266901 9.612203 9.603983 9.577819 -99.0 26.590892052969235 3.239852870537918 8.74 0.03 8.83 0.02 -
309_2_13 8.503776092120303 3.0086875246704192 18.630434128350448 2.132967635768591 6.021634 3.2614145 8.944473 8.830513 8.814293 8.720305999999999 -19.050958537079573 149.51738737791132 51.321134673178044 8.2 0.06 -99.0 -99.0 -
309_2_14 -99.0 -99.0 29.98003461335548 13.918966857888133 140.95972 113.13591 165.70529 9.1729 9.149447 9.046335 -20.168088077664784 -93.3319 -99.0 -99.0 -99.0 -99.0 -99.0 -
309_2_17 -99.0 -99.0 18.882312350872684 1.9792529172498303 4.6601157 3.0384808 6.349089 8.865991000000003 8.844739 8.731805 -18.812248082160664 -93.79956 -99.0 8.47 0.08 -99.0 -98.0 -
309_2_18 10.268061270070069 3.4714312405314285 27.84221760016107 1.5078454487516828 19.684858 12.114931 26.366165 9.912976 9.917528 9.73578 -20.047339134205888 75.48990360320832 24.126786703914444 8.25 0.06 8.93 -99.0 -
309_2_20 1.1905227006627193 0.25818475138211056 0.6878900215629002 0.12823459303850626 0.4483172 0.20194402 0.6160319000000001 8.916071 8.887405000000003 8.741355 -17.088044400272757 156.58752984589043 33.3018850599315 -99.0 -99.0 -99.0 -99.0 -
236_1_2 10.872991305225224 2.4193200804643893 -99.0 -99.0 -99.0 -99.0 -99.0 -99.0 -99.0 -99.0 -99.0 50.88572219427604 10.463881837727332 8.38 0.07 8.81 -99.0 Double-galaxy
236_1_3 10.525415892554157 1.1188952625097168 -99.0 -99.0 -99.0 -99.0 -99.0 -99.0 -99.0 -99.0 -99.0 736.3200439672678 77.80870340203057 -99.0 -99.0 -99.0 -99.0 -
236_1_4 1.8812851677112958 0.5666399459802911 -99.0 -99.0 -99.0 -99.0 -99.0 -99.0 -99.0 -99.0 -99.0 30.442885478764076 8.25596718507802 8.69 0.01 8.88 0.01 -
236_1_5 8.072649777047609 1.2552653982858 -99.0 -99.0 -99.0 -99.0 -99.0 -99.0 -99.0 -99.0 -99.0 15.16673571587951 1.8983942410880301 -99.0 -99.0 -99.0 -99.0 -
236_1_6 10.338514120444927 1.9774436041360783 -99.0 -99.0 -99.0 -99.0 -99.0 -99.0 -99.0 -99.0 -20.083611660337144 63.477365773195885 11.293671890904342 8.75 -99.0 -99.0 -99.0 -
236_1_7 2.929830578006695 0.5579761954164097 -99.0 -99.0 -99.0 -99.0 -99.0 -99.0 -99.0 -99.0 -99.0 160.82862362912587 29.90561386631282 -99.0 -99.0 -99.0 -99.0 -
236_1_8 3.918278583735137 0.7866426490007318 -99.0 -99.0 -99.0 -99.0 -99.0 -99.0 -99.0 -99.0 -99.0 15.824227329845215 2.552938500109004 8.73 0.03 8.98 -99.0 -
236_1_9 11.215724315421033 1.9414475397244972 -99.0 -99.0 -99.0 -99.0 -99.0 -99.0 -99.0 -99.0 -19.565586267787047 138.13175637865993 23.151611640021557 -99.0 -99.0 -99.0 -99.0 Double-galaxy
236_1_10 9.62977673435557 0.7502225072439653 -99.0 -99.0 -99.0 -99.0 -99.0 -99.0 -99.0 -99.0 -99.0 27.214485870720253 1.886918304716188 8.61 0.06 8.96 -99.0 Extended_relative_to_slit
236_1_11 0.4538735581937838 0.06645114983543221 -99.0 -99.0 -99.0 -99.0 -99.0 -99.0 -99.0 -99.0 -99.0 200.0452151138088 28.887077389984825 -99.0 -99.0 -99.0 -99.0 -
236_1_12 24.00863186022439 5.847531215452983 -99.0 -99.0 -99.0 -99.0 -99.0 -99.0 -99.0 -99.0 -99.0 20.845406926199257 4.167702859778597 8.22 0.07 -99.0 -99.0 -
236_1_13 8.538811972716694 0.8942062611876057 -99.0 -99.0 -99.0 -99.0 -99.0 -99.0 -99.0 -99.0 -99.0 89.97482124756334 9.000186850965797 8.53 0.15 -99.0 -98.0 -
236_1_14 4.1975688906942015 0.4617270471453471 -99.0 -99.0 -99.0 -99.0 -99.0 -99.0 -99.0 -99.0 -99.0 254.13052629610615 27.52992069604909 8.11 0.04 8.75 -98.0 -
236_1_15 8.823427589827118 1.7642698699706132 -99.0 -99.0 -99.0 -99.0 -99.0 -99.0 -99.0 -99.0 -99.0 21.378548215297453 3.515698772426818 -99.0 -99.0 -99.0 -99.0 -
236_1_16 5.448726295482062 1.6409439707477624 -99.0 -99.0 -99.0 -99.0 -99.0 -99.0 -99.0 -99.0 -99.0 153.83742294544237 45.13483677340175 -99.0 -99.0 -99.0 -99.0 -
236_1_17 1.3311253967827998 0.32052160560877146 -99.0 -99.0 -99.0 -99.0 -99.0 -99.0 -99.0 -99.0 -99.0 50.007507447595565 11.243715536374843 -99.0 -99.0 -99.0 -99.0 -
236_2_6 0.7104603043134741 0.2244949806980423 -99.0 -99.0 -99.0 -99.0 -99.0 -99.0 -99.0 -99.0 -99.0 140.41314228649662 43.414889183638515 -99.0 -99.0 -99.0 -99.0 -
236_2_8 0.9699160981718546 0.1999300672748552 -99.0 -99.0 -99.0 -99.0 -99.0 -99.0 -99.0 -99.0 -99.0 119.38171886502748 24.005964571013592 -99.0 -99.0 -99.0 -99.0 -
236_2_9 7.878583674899527 0.8259376743742384 -99.0 -99.0 -99.0 -99.0 -99.0 -99.0 -99.0 -99.0 -99.0 44.43135683255326 4.260679205272709 8.69 0.14 8.98 -99.0 -
236_2_10 0.7445272840259926 0.18578429237233132 -99.0 -99.0 -99.0 -99.0 -99.0 -99.0 -99.0 -99.0 -99.0 90.52659638060823 21.778986028304708 -99.0 -99.0 -99.0 -99.0 -
236_2_11 -99.0 -99.0 -99.0 -99.0 -99.0 -99.0 -99.0 -99.0 -99.0 -99.0 -99.0 -93.25762 -99.0 -99.0 -99.0 -99.0 -99.0 -
236_2_12 0.08963239292446422 0.0015643635028228613 -99.0 -99.0 -99.0 -99.0 -99.0 -99.0 -99.0 -99.0 -99.0 72.60700131168831 23.890226655844156 -99.0 -99.0 -99.0 -99.0 -
236_2_13 12.0907303994181 2.8692465981544952 -99.0 -99.0 -99.0 -99.0 -99.0 -99.0 -99.0 -99.0 -99.0 45.34853235120809 9.84318272182832 -99.0 -99.0 -99.0 -99.0 -
236_2_14 0.7162522654354909 0.2251181448280972 -99.0 -99.0 -99.0 -99.0 -99.0 -99.0 -99.0 -99.0 -99.0 102.31327733333335 31.1195003 -99.0 -99.0 -99.0 -99.0 -
236_2_15 1.169210379266559 0.2784390857162622 -99.0 -99.0 -99.0 -99.0 -99.0 -99.0 -99.0 -99.0 -99.0 155.09248736314714 36.22729170532567 -99.0 -99.0 -99.0 -99.0 -
236_2_16 38.65875562090083 16.794927920593267 -99.0 -99.0 -99.0 -99.0 -99.0 -99.0 -99.0 -99.0 -99.0 119.76411961859824 50.24814847341001 -99.0 -99.0 -99.0 -99.0 Hb-artificat
236_2_17 9.089889810581603 1.5623256402861845 -99.0 -99.0 -99.0 -99.0 -99.0 -99.0 -99.0 -99.0 -99.0 34.77245207943926 5.271129716705609 -99.0 -99.0 -99.0 -99.0 -
236_2_19 16.31086594583141 2.239657001729125 -99.0 -99.0 -99.0 -99.0 -99.0 -99.0 -99.0 -99.0 -99.0 31.886838342304944 3.846744727284518 8.31 0.1 8.95 -99.0 -
