id wisp_id RA DEC FLUX_TOTAL_U FLUXERR_TOTAL_U FLUX_TOTAL_G FLUXERR_TOTAL_G FLUX_TOTAL_F475X FLUXERR_TOTAL_F475X FLUX_TOTAL_R FLUXERR_TOTAL_R FLUX_TOTAL_F600LP FLUXERR_TOTAL_F600LP FLUX_TOTAL_I FLUXERR_TOTAL_I FLUX_TOTAL_F814W FLUXERR_TOTAL_F814W FLUX_TOTAL_F110W FLUXERR_TOTAL_F110W FLUX_TOTAL_F140W FLUXERR_TOTAL_F140W FLUX_TOTAL_F160W FLUXERR_TOTAL_F160W FLUX_TOTAL_IRAC FLUXERR_TOTAL_IRAC comment
309_1_2 78 324.7962950000001 -38.39867 0.009998762412068428 0.014533523959183187 0.222713349175301 0.039754855918000674 -99.0 -99.0 1.1097527986008848 0.06817768413620615 -99.0 -99.0 -99.0 -99.0 1.679282672585486 0.08409224754478473 2.1053793382652395 0.04903382620999595 -99.0 -99.0 3.2777953109069107 0.15282908892164762 2.2471199162624926 0.2679330259598767 AGN-candidate
309_1_3 70 324.791656 -38.400009 0.1833100386206093 0.027588523819294056 0.11733464100506448 0.03407535443391069 -99.0 -99.0 0.18336069605434926 0.053030541181786565 -99.0 -99.0 -99.0 -99.0 -99.0 -99.0 1.5276583876639125 0.027518495826888253 -99.0 -99.0 2.674399293848412 0.06462656819812837 8.113836440622064 0.2679330259598767 -
309_1_4 2049 324.796661 -38.40276 0.1593625421191406 0.026714546067683143 0.2590277236212952 0.03581105398872286 -99.0 -99.0 0.4613029680710298 0.05672280209770882 -99.0 -99.0 -99.0 -99.0 0.14819250828885974 0.06316493026743496 0.19553578485730294 0.027518495826888253 -99.0 -99.0 0.3712156257705221 0.06462656819812837 0.6773704532824257 0.2679330259598767 -
309_1_5 16 324.791901 -38.40506 2.2746063588238763 0.03875731273750418 4.621960705428807 0.05704357391908396 -99.0 -99.0 8.780237205848737 0.09299931919443938 -99.0 -99.0 -99.0 -99.0 12.796169966104696 0.14850325513420068 18.06342083169969 0.09982266056309536 -99.0 -99.0 24.076868456124483 0.2439359420033113 29.64286389781199 0.3276317095723336 Extended_relative_to_slit
309_1_6 177 324.787109 -38.407669 0.6101916339116528 0.029281554874087783 0.6677074914750908 0.037699612441211255 -99.0 -99.0 0.5233909981688056 0.05770461681938476 -99.0 -99.0 -99.0 -99.0 0.5158705716958257 0.0916911685263688 0.7561010141635375 0.06280149211354807 -99.0 -99.0 1.061707795246733 0.1924394002709716 1.1127209090369734 0.17013140913708905 AGN-candidate
309_1_7 2003 324.807861 -38.41227 -99.0 -99.0 -99.0 -99.0 -99.0 -99.0 -99.0 -99.0 -99.0 -99.0 -99.0 -99.0 -99.0 -99.0 -99.0 -99.0 -99.0 -99.0 -99.0 -99.0 -99.0 -99.0 -
309_1_8 213 324.804596 -38.414127 0.22450511951614707 0.026281338473795275 0.4254673603846846 0.037737073356757606 -99.0 -99.0 0.367778425252025 0.055180167347280575 -99.0 -99.0 -99.0 -99.0 0.4003501540918546 0.044004599424539735 0.5812995677253869 0.032676382327500864 -99.0 -99.0 0.2466039337234332 0.07326463394515621 0.05512977866948462 0.2679330259598767 -
309_1_9 64 324.818878 -38.41848 0.8772962013990836 0.03312991089376662 1.1387443859858644 0.03870283489258395 -99.0 -99.0 1.071090701112526 0.06027783166434129 -99.0 -99.0 -99.0 -99.0 1.6575442609282445 0.09908895300442473 2.3851162056963915 0.06816369427768894 -99.0 -99.0 2.8159777460271624 0.2048404948512554 5.194051469940157 0.1856214396552253 Double-galaxy
309_1_10 56 324.800079 -38.417969 0.6452176646486998 0.033636658210478405 0.4947960784288363 0.03969488664562185 -99.0 -99.0 1.5574935216983097 0.06570249911926182 -99.0 -99.0 -99.0 -99.0 1.8153160554429464 0.14844519898998945 2.86061947801785 0.09933415127423467 -99.0 -99.0 3.8231932338345223 0.06462656819812837 7.621250717437003 0.19444473139265445 -
309_1_11 39 324.806 -38.420925 1.2186142405281146 0.035244070325672644 1.7161144529493062 0.042519553084955634 -99.0 -99.0 2.9402634744945395 0.0677043261143626 -99.0 -99.0 -99.0 -99.0 3.17597138154626 0.14239022719016126 5.2911796709759065 0.0931976231867214 -99.0 -99.0 6.5975528238037535 0.28645056264050145 12.964215719547 0.24717625991952 -
309_1_12 182 324.787689 -38.420532 0.010024581451490464 0.01308313368800888 0.20510972338068365 0.03744256385289073 -99.0 -99.0 0.2639163212486411 0.05627207428591827 -99.0 -99.0 -99.0 -99.0 0.256212314682901 0.04705548237568342 0.6064569815101353 0.04192588862077051 -99.0 -99.0 1.0577913224994977 0.09462916209834693 2.1286597528548525 0.17567275845610644 -
309_1_13 96 324.804443 -38.426811 0.8136286801260149 0.03612130642173152 0.8192684847049824 0.042785781599679926 -99.0 -99.0 0.7785136809728604 0.06575454043033185 -99.0 -99.0 -99.0 -99.0 0.8998658257432054 0.14233458666747795 1.078779366572472 0.09159485295994077 -99.0 -99.0 0.989500756064065 0.2875512716895647 1.826359419752526 0.2548525855139612 -
309_1_14 11 324.793671 -38.427509 4.975838188687201 0.040787955384781055 9.34428872212119 0.06024485576532819 -99.0 -99.0 22.830017737647072 0.09672522766851227 -99.0 -99.0 -99.0 -99.0 26.62686276924124 0.1569560891938888 35.71083458083451 0.13156387419858362 -99.0 -99.0 47.467897948292176 0.26231863325806515 45.44710763893864 0.2386004545840934 -
309_1_15 69 324.810699 -38.431347 1.1081186108500392 0.03470090856673096 1.629994912560301 0.04714021696070758 -99.0 -99.0 1.7692379603336004 0.0689290505319229 -99.0 -99.0 -99.0 -99.0 1.5821221107222545 0.04634521387235368 2.101000950647982 0.027518495826888253 -99.0 -99.0 2.7620163742821813 0.06462656819812837 3.019856101038977 0.2431016148390961 -
309_1_16 40 324.797699 -38.433235 2.7704240516123173 0.04286923097272444 3.0873527190418977 0.053460653143582636 -99.0 -99.0 4.415564661083046 0.08256052557795507 -99.0 -99.0 -99.0 -99.0 4.574912647184074 0.12682333835901013 5.117332333486472 0.08168005014577122 -99.0 -99.0 5.018802016961713 0.24994422971800245 7.935718408945314 0.19296579717800152 -
309_1_17 116 324.800323 -38.435749 0.12554408426845987 0.12554408426845987 0.055363845613731484 0.03029024987985308 -99.0 -99.0 0.5032528567989392 0.060583170658212525 -99.0 -99.0 -99.0 -99.0 0.2659077225387451 0.1286663390282665 1.0920303922414882 0.082917372825226 -99.0 -99.0 2.955327348566545 0.2580422231861981 9.327950846506846 0.19760787461513996 -
309_1_18 330 324.7968140000001 -38.437038 -99.0 -99.0 -99.0 -99.0 -99.0 -99.0 -99.0 -99.0 -99.0 -99.0 -99.0 -99.0 0.06779946219218465 0.06316493026743496 0.14778360244074892 0.027518495826888253 -99.0 -99.0 0.12292104647325518 0.06462656819812837 0.3218297952287724 0.2679330259598767 -
62_1_3 22 195.315781 -0.025592 -99.0 -99.0 -99.0 -99.0 -99.0 -99.0 -99.0 -99.0 -99.0 -99.0 -99.0 -99.0 -99.0 -99.0 14.246436573717402 0.1312189055329962 15.304750318371072 0.2325949896408977 -99.0 -99.0 21.903820913717322 0.3692046928443258 -
62_1_4 2029 195.322037 -0.023666999999999997 -99.0 -99.0 -99.0 -99.0 -99.0 -99.0 -99.0 -99.0 -99.0 -99.0 -99.0 -99.0 -99.0 -99.0 0.4211397635041487 0.05139719060690617 0.8638259548992521 0.09242656107739534 -99.0 -99.0 0.9419465263853408 0.1865326546678164 -
62_1_5 21 195.327118 -0.019925 -99.0 -99.0 -99.0 -99.0 -99.0 -99.0 -99.0 -99.0 -99.0 -99.0 -99.0 -99.0 -99.0 -99.0 13.70207211500425 0.08329527121583133 19.15429840051347 0.16230961157292428 -99.0 -99.0 52.9565690166153 0.3316708257102796 -
62_1_6 47 195.318176 -0.018129 -99.0 -99.0 -99.0 -99.0 -99.0 -99.0 -99.0 -99.0 -99.0 -99.0 -99.0 -99.0 -99.0 -99.0 5.5522146654537226 0.05062809725337741 6.280384728860639 0.10296660972065892 -99.0 -99.0 7.047582362289178 0.3318158005034273 -
62_1_7 278 195.325012 -0.013956 -99.0 -99.0 -99.0 -99.0 -99.0 -99.0 -99.0 -99.0 -99.0 -99.0 -99.0 -99.0 -99.0 -99.0 0.30257026728912023 0.05139719060690617 0.3351399873355683 0.09242656107739534 -99.0 -99.0 0.003631 0.2679330259598767 -
62_1_8 217 195.33786 -0.01157 -99.0 -99.0 -99.0 -99.0 -99.0 -99.0 -99.0 -99.0 -99.0 -99.0 -99.0 -99.0 -99.0 -99.0 0.6717787298656632 0.05139719060690617 0.6510678480179063 0.09242656107739534 -99.0 -99.0 0.003631 0.2679330259598767 -
62_1_9 38 195.317215 -0.009804 -99.0 -99.0 -99.0 -99.0 -99.0 -99.0 -99.0 -99.0 -99.0 -99.0 -99.0 -99.0 -99.0 -99.0 8.036487044302923 0.07920273682789099 8.562217365870447 0.1648248530410724 -99.0 -99.0 12.811494662871285 0.3516788660459102 -
62_1_11 63 195.304214 -0.0045130000000000005 -99.0 -99.0 -99.0 -99.0 -99.0 -99.0 -99.0 -99.0 -99.0 -99.0 -99.0 -99.0 -99.0 -99.0 3.1738489132401573 0.052619766453277005 3.403347137651417 0.11567054377759722 -99.0 -99.0 3.687397526286512 0.2964687468481241 -
62_1_13 81 195.310562 0.001285 -99.0 -99.0 -99.0 -99.0 -99.0 -99.0 -99.0 -99.0 -99.0 -99.0 -99.0 -99.0 -99.0 -99.0 2.0556361614451224 0.04051820379011293 2.2739779486826377 0.09341384960048414 -99.0 -99.0 3.927535868904288 0.3618878069168216 -
62_1_14 69 195.319443 0.004619 -99.0 -99.0 -99.0 -99.0 -99.0 -99.0 -99.0 -99.0 -99.0 -99.0 -99.0 -99.0 -99.0 -99.0 2.631396234675364 0.06810558551568363 3.872453833582658 0.15301489312028738 -99.0 -99.0 -99.0 -99.0 -
62_1_15 257 195.328979 0.0064010000000000004 -99.0 -99.0 -99.0 -99.0 -99.0 -99.0 -99.0 -99.0 -99.0 -99.0 -99.0 -99.0 -99.0 -99.0 0.3591089663871493 0.05139719060690617 0.4911636848576341 0.09242656107739534 -99.0 -99.0 0.7705951102646714 0.20370341406093825 -
62_1_16 10 195.317627 0.008109 -99.0 -99.0 -99.0 -99.0 -99.0 -99.0 -99.0 -99.0 -99.0 -99.0 -99.0 -99.0 -99.0 -99.0 52.60490600221024 0.11628605913724285 65.14877423152751 0.2280237101223216 -99.0 -99.0 73.4108410998126 0.3583550049608774 Extended_relative_to_slit
62_1_17 2035 195.322113 0.010006999999999999 -99.0 -99.0 -99.0 -99.0 -99.0 -99.0 -99.0 -99.0 -99.0 -99.0 -99.0 -99.0 -99.0 -99.0 0.3062148505442085 0.05139719060690617 0.4558545027157989 0.09242656107739534 -99.0 -99.0 0.020855770969051286 0.2679330259598767 -
64_2_5 34 219.368164 -1.847108 1.7238768951161303 0.035884330689531674 2.241125870477567 0.03550461911413296 1.903252817976533 0.17906413360151982 -99.0 -99.0 4.582331431105186 0.2755423348756594 6.985319080330702 0.07656378102232234 -99.0 -99.0 9.996815006644256 0.1201821481638819 -99.0 -99.0 10.448234767385065 0.3849780898153952 10.223185682686736 0.2005654002406074 -
64_2_6 63 219.377548 -1.846494 0.6223952204347508 0.031243013275945395 1.1554369422214494 0.03224623685116507 0.8098050081310987 0.14276038457689622 -99.0 -99.0 2.3828663739440916 0.2175370551548807 3.628993989578777 0.06818778427503644 -99.0 -99.0 3.721428514640384 0.09508034584241083 -99.0 -99.0 4.694483689960932 0.3063883113116574 4.469986885049178 0.17950762474730056 -
64_2_7 1031 219.361206 -1.836874 0.12554408426845987 0.12554408426845987 0.14343866974552072 0.024969981193610952 0.12134621903348185 0.05043944440195623 -99.0 -99.0 0.2291006117807585 0.08002596480757314 -99.0 -99.0 -99.0 -99.0 0.2454857283648276 0.030422337101644232 -99.0 -99.0 0.2563458251511899 0.07464296175574196 0.003631 0.3311511357701301 -
64_2_8 37 219.375244 -1.836585 0.03216816212519155 0.019469189769239538 0.41666425915252814 0.026787478390758464 0.6937610085347351 0.08530300882937943 -99.0 -99.0 4.030435906081561 0.12888235883905394 7.178376763246156 0.061489273186137276 -99.0 -99.0 9.751236398615298 0.05872777488642431 -99.0 -99.0 11.472754007190144 0.18475116735127825 4.3916351142104935 0.17555214511995526 -
64_2_9 210 219.368073 -1.831808 0.0026338209566271627 0.00677316764382706 0.4331379621523486 0.02904342234935155 0.34972370717190543 0.07394317655359961 -99.0 -99.0 0.286360777916373 0.10429310286944732 0.10286467278239617 0.048916855998481286 -99.0 -99.0 0.4332857869130776 0.0458050262949954 -99.0 -99.0 1.0795085717370991 0.14873123231965013 1.5787241369901452 0.2083735551539908 -
64_2_10 206 219.365463 -1.828888 0.17956688501346085 0.034153598374578285 0.19094410233152245 0.0329408035062118 0.274932606177409 0.05043944440195623 -99.0 -99.0 0.4454779873941805 0.08002596480757314 -99.0 -99.0 -99.0 -99.0 0.5053895397535477 0.030422337101644232 -99.0 -99.0 0.5420336501181329 0.07464296175574196 1.4589024341925043 0.3311511357701301 -
64_2_11 35 219.361145 -1.826129 2.061703693291196 0.03645886610183483 3.1001752794448745 0.041117284132522094 -99.0 -99.0 -99.0 -99.0 -99.0 -99.0 10.0866336853724 0.09754964879470407 -99.0 -99.0 10.41357861528435 0.09591395959312088 -99.0 -99.0 12.519875206248813 0.2075716699367139 14.993611336934336 0.2140563468015862 -
64_2_12 61 219.359406 -1.823243 1.5804699719951176 0.03289916309025481 1.9474496984948235 0.03461893633687951 1.7750067135006502 0.10272530928068913 -99.0 -99.0 2.5683130754315435 0.3123711982835329 -99.0 -99.0 -99.0 -99.0 3.915615148396101 0.08295374501026688 -99.0 -99.0 3.8406081572581128 0.1875529998333048 4.308699922682522 0.18533322869049806 -
64_2_13 77 219.371643 -1.823598 0.6033735232719032 0.03228777077568951 1.0504762764471176 0.03550814569566425 -99.0 -99.0 -99.0 -99.0 -99.0 -99.0 1.4468591292852373 0.08209129811547444 -99.0 -99.0 3.314362450092585 0.07937624225225126 -99.0 -99.0 4.254024629440663 0.17636505018234416 6.974390320182263 0.19400072549461567 -
64_2_14 2021 219.382263 -1.822951 0.07866585167575922 0.02662770607980244 -99.0 -99.0 0.09621133679029507 0.05043944440195623 -99.0 -99.0 0.1742714516927885 0.08002596480757314 0.3079968316201422 0.05526184286598848 -99.0 -99.0 0.2640677710125597 0.04292508857738258 -99.0 -99.0 0.6287791912063058 0.14213355424051954 0.24278745848496214 0.3311511357701301 -
64_2_15 19 219.375214 -1.819262 0.7435432731579524 0.03129771353349767 1.4619962171742285 0.03272221431089044 1.5282696904097848 0.08238376955951457 -99.0 -99.0 5.2708999708870445 0.3133315436489627 15.74077999425119 0.08119035458027693 -99.0 -99.0 25.327947656899948 0.09331181862182092 -99.0 -99.0 36.94877122539325 0.20418749486162824 100.8384703049722 0.2507726534249101 Hb-artificat
64_2_16 261 219.373138 -1.816697 0.26581914018852154 0.026270971485887782 -99.0 -99.0 0.31508392650628503 0.05043944440195623 -99.0 -99.0 0.4725265864920202 0.08002596480757314 -99.0 -99.0 -99.0 -99.0 0.37019133485298095 0.030422337101644232 -99.0 -99.0 0.8872096336831774 0.07464296175574196 0.015762541714473676 0.3311511357701301 -
64_2_18 148 219.377258 -1.81113 0.26618663670144505 0.027753824513773208 -99.0 -99.0 0.6229113567901614 0.05043944440195623 -99.0 -99.0 0.7247887636160449 0.13455492292614318 1.2663281142169818 0.061700982999058976 -99.0 -99.0 1.0619452692576803 0.058076758293894123 -99.0 -99.0 1.4060212910708727 0.19376872318678612 1.2222111711772066 0.16120534191081878 -
309_2_1 123 324.821655 -38.423347 0.5813882481103463 0.031808475580505265 0.5304277649684188 0.036788441284076566 -99.0 -99.0 0.5288667320389707 0.05635984240297402 -99.0 -99.0 -99.0 -99.0 0.7236900536613678 0.07885654841366012 0.9830166432265374 0.05444488626434304 -99.0 -99.0 1.276462101253481 0.16767355100874234 0.6803090509257608 0.1649234062850329 -
309_2_3 1035 324.810425 -38.428787 0.1799808294343242 0.02793291863284851 0.18580878731835154 0.03371495910630492 -99.0 -99.0 0.12101138983609515 0.04663458184343945 -99.0 -99.0 -99.0 -99.0 0.09701217665165264 0.06316493026743496 0.2274187399437093 0.027518495826888253 -99.0 -99.0 0.0955930346908732 0.06462656819812837 0.1551766060365357 0.2679330259598767 -
309_2_4 102 324.815277 -38.415436 -99.0 -99.0 -99.0 -99.0 -99.0 -99.0 -99.0 -99.0 -99.0 -99.0 -99.0 -99.0 1.1162462168485492 0.05090861939547575 1.2033722711826809 0.033254635763066205 -99.0 -99.0 0.7131813866797394 0.07369935036948716 -99.0 -99.0 -
309_2_5 84 324.807892 -38.424446 1.2807555570705755 0.03362027574515188 1.85006185524679 0.04140785031085658 -99.0 -99.0 1.8992679906525012 0.06507577530834764 -99.0 -99.0 -99.0 -99.0 1.3600770884837166 0.14501030134906934 1.5020677269599942 0.09625306683144584 -99.0 -99.0 1.7944144105471016 0.2906393321884563 1.5721944140611244 0.179853132749739 -
309_2_6 296 324.798615 -38.434273 0.12554408426845987 0.12554408426845987 0.19669179736138304 0.04724648632609265 -99.0 -99.0 0.3419371195506193 0.07133294186820326 -99.0 -99.0 -99.0 -99.0 0.3108279040983256 0.044553678636615454 0.28575905433749393 0.029265431559294564 -99.0 -99.0 0.4413671434634389 0.06527793754908469 0.003631 0.2679330259598767 -
309_2_7 136 324.793884 -38.437054 0.4302751343834084 0.02980260671053912 0.6117109418429386 0.03932709195969155 -99.0 -99.0 0.6987893041096142 0.06088741656882149 -99.0 -99.0 -99.0 -99.0 -99.0 -99.0 1.0387425524457272 0.06362460528189337 -99.0 -99.0 1.1636955354021934 0.1963451219913501 1.24631048565901 0.20812019070643686 -
309_2_8 2057 324.803192 -38.413239 0.1336430101098373 0.029653312273611312 0.12001243539548966 0.03449929178127688 -99.0 -99.0 0.17528560377731464 0.0520997184663714 -99.0 -99.0 -99.0 -99.0 -99.0 -99.0 0.16066665195855726 0.05658355121505253 -99.0 -99.0 0.2798270143699627 0.163849777412679 0.003631 0.2679330259598767 -
309_2_9 2042 324.798676 -38.416111 0.12554408426845987 0.12554408426845987 0.1452232839393275 0.1452232839393275 -99.0 -99.0 0.124619570150727 0.059822744860044776 -99.0 -99.0 -99.0 -99.0 -99.0 -99.0 0.126590174930024 0.031805811334853065 -99.0 -99.0 0.2989509927814587 0.07142607974037593 0.2897518709470018 0.2679330259598767 -
309_2_11 23 324.794006 -38.416855 1.1693546551866438 0.03349518015235213 1.9915272302366445 0.05007541716597004 -99.0 -99.0 6.147042968722007 0.07982906481256065 -99.0 -99.0 -99.0 -99.0 8.323002019298217 0.12725670906965636 11.523913771994874 0.10614066890122052 -99.0 -99.0 15.819763986011564 0.2477093196601068 15.79596813296618 0.2109620870664176 -
309_2_13 113 324.797455 -38.402336 0.4274705981745351 0.041577687360441096 0.4406220725276177 0.0510142714531837 -99.0 -99.0 0.741013719692923 0.08483743700638326 -99.0 -99.0 -99.0 -99.0 0.7838332523254857 0.14584955144851147 0.9364283930517461 0.08907681220564714 -99.0 -99.0 1.5706281108105211 0.26896132442400666 2.4354894290733657 0.19045137010990956 -
309_2_14 115 324.783539 -38.423065 0.24805400814448186 0.04247328001663367 0.028399209330433613 0.03331420558463686 -99.0 -99.0 0.14106726582899098 0.07973932121143204 -99.0 -99.0 -99.0 -99.0 0.4427958486981498 0.20557884012897007 0.6435114537020147 0.13425634350148288 -99.0 -99.0 0.9657174280866176 0.39918470094051584 2.672183320918395 0.20477632154408254 -
309_2_17 179 324.773926 -38.425514 0.3506438683869906 0.024318506810245243 0.531503647073531 0.03955426234783091 -99.0 -99.0 0.4540108678926763 0.05937864368732365 -99.0 -99.0 -99.0 -99.0 0.3900856730798358 0.04088896487219404 0.7027910933160443 0.027518495826888253 -99.0 -99.0 0.6886939199917652 0.06462656819812837 0.9074574050136018 0.1675833192458572 -
309_2_18 47 324.773132 -38.419743 0.6760615688830521 0.033873558960328724 0.9755875488822986 0.053823105393328866 -99.0 -99.0 1.5816349344416196 0.08565628901164346 -99.0 -99.0 -99.0 -99.0 2.991437957549792 0.14967061338450427 4.238381057743507 0.093696267125563 -99.0 -99.0 5.5207743928075566 0.2136157540980292 8.904842631527497 0.20504841649460026 -
309_2_20 118 324.76767 -38.416943 0.09561945167194692 0.026658416560352446 0.2262696207392319 0.04218056931040885 -99.0 -99.0 0.6182814957649869 0.0692461295437514 -99.0 -99.0 -99.0 -99.0 1.1584572183698636 0.10888479909894 1.1835864919618606 0.20596886048341093 -99.0 -99.0 1.3121998990192003 0.4661285509760691 0.9471663248095981 0.2679330259598767 -
236_1_2 49 231.191513 0.428666 -99.0 -99.0 -99.0 -99.0 -99.0 -99.0 -99.0 -99.0 -99.0 -99.0 -99.0 -99.0 -99.0 -99.0 -99.0 -99.0 7.008095316467937 0.15492527969223646 -99.0 -99.0 -99.0 -99.0 Double-galaxy
236_1_3 239 231.194687 0.427741 -99.0 -99.0 -99.0 -99.0 -99.0 -99.0 -99.0 -99.0 -99.0 -99.0 -99.0 -99.0 -99.0 -99.0 -99.0 -99.0 0.6735967762229416 0.06898504195717241 -99.0 -99.0 -99.0 -99.0 -
236_1_4 61 231.193039 0.418988 -99.0 -99.0 -99.0 -99.0 -99.0 -99.0 -99.0 -99.0 -99.0 -99.0 -99.0 -99.0 -99.0 -99.0 -99.0 -99.0 5.267444883319054 0.12129811850644233 -99.0 -99.0 -99.0 -99.0 -
236_1_5 18 231.196732 0.4219 -99.0 -99.0 -99.0 -99.0 -99.0 -99.0 -99.0 -99.0 -99.0 -99.0 -99.0 -99.0 -99.0 -99.0 -99.0 -99.0 26.254273189936967 0.26599642199608897 -99.0 -99.0 -99.0 -99.0 -
236_1_6 79 231.204025 0.432063 -99.0 -99.0 -99.0 -99.0 -99.0 -99.0 -99.0 -99.0 -99.0 -99.0 -99.0 -99.0 -99.0 -99.0 -99.0 -99.0 3.369767985844033 0.11175263065771657 -99.0 -99.0 -99.0 -99.0 -
236_1_7 192 231.20277400000003 0.421722 -99.0 -99.0 -99.0 -99.0 -99.0 -99.0 -99.0 -99.0 -99.0 -99.0 -99.0 -99.0 -99.0 -99.0 -99.0 -99.0 0.9392906516183948 0.057999744782949225 -99.0 -99.0 -99.0 -99.0 -
236_1_8 34 231.2034 0.417798 -99.0 -99.0 -99.0 -99.0 -99.0 -99.0 -99.0 -99.0 -99.0 -99.0 -99.0 -99.0 -99.0 -99.0 -99.0 -99.0 11.230523475410813 0.15516035140233786 -99.0 -99.0 -99.0 -99.0 -
236_1_9 106 231.213028 0.4366930000000001 -99.0 -99.0 -99.0 -99.0 -99.0 -99.0 -99.0 -99.0 -99.0 -99.0 -99.0 -99.0 -99.0 -99.0 -99.0 -99.0 2.1737019751571167 0.0941259054830914 -99.0 -99.0 -99.0 -99.0 Double-galaxy
236_1_10 17 231.215302 0.435545 -99.0 -99.0 -99.0 -99.0 -99.0 -99.0 -99.0 -99.0 -99.0 -99.0 -99.0 -99.0 -99.0 -99.0 -99.0 -99.0 30.310981535840497 0.25125988868867744 -99.0 -99.0 -99.0 -99.0 Extended_relative_to_slit
236_1_11 243 231.212418 0.422663 -99.0 -99.0 -99.0 -99.0 -99.0 -99.0 -99.0 -99.0 -99.0 -99.0 -99.0 -99.0 -99.0 -99.0 -99.0 -99.0 0.6086953723349002 0.06741255055659696 -99.0 -99.0 -99.0 -99.0 -
236_1_12 20 231.213715 0.421263 -99.0 -99.0 -99.0 -99.0 -99.0 -99.0 -99.0 -99.0 -99.0 -99.0 -99.0 -99.0 -99.0 -99.0 -99.0 -99.0 23.120647901755948 0.2768403625163636 -99.0 -99.0 -99.0 -99.0 -
236_1_13 81 231.208893 0.40411 -99.0 -99.0 -99.0 -99.0 -99.0 -99.0 -99.0 -99.0 -99.0 -99.0 -99.0 -99.0 -99.0 -99.0 -99.0 -99.0 3.0732649292042966 0.08492825393396443 -99.0 -99.0 -99.0 -99.0 -
236_1_14 204 231.220016 0.426617 -99.0 -99.0 -99.0 -99.0 -99.0 -99.0 -99.0 -99.0 -99.0 -99.0 -99.0 -99.0 -99.0 -99.0 -99.0 -99.0 0.7921364541528485 0.10021854548517704 -99.0 -99.0 -99.0 -99.0 -
236_1_15 46 231.215988 0.409946 -99.0 -99.0 -99.0 -99.0 -99.0 -99.0 -99.0 -99.0 -99.0 -99.0 -99.0 -99.0 -99.0 -99.0 -99.0 -99.0 8.031561699226547 0.10356565363424064 -99.0 -99.0 -99.0 -99.0 -
236_1_16 141 231.224136 0.421997 -99.0 -99.0 -99.0 -99.0 -99.0 -99.0 -99.0 -99.0 -99.0 -99.0 -99.0 -99.0 -99.0 -99.0 -99.0 -99.0 -99.0 -99.0 -99.0 -99.0 -99.0 -99.0 -
236_1_17 134 231.225616 0.415714 -99.0 -99.0 -99.0 -99.0 -99.0 -99.0 -99.0 -99.0 -99.0 -99.0 -99.0 -99.0 -99.0 -99.0 -99.0 -99.0 1.5674727518004377 0.07510088290411532 -99.0 -99.0 -99.0 -99.0 -
236_2_6 220 231.204132 0.433547 -99.0 -99.0 -99.0 -99.0 -99.0 -99.0 -99.0 -99.0 -99.0 -99.0 -99.0 -99.0 -99.0 -99.0 -99.0 -99.0 0.5311289818550124 0.058329977786482676 -99.0 -99.0 -99.0 -99.0 -
236_2_8 148 231.209991 0.4317760000000001 -99.0 -99.0 -99.0 -99.0 -99.0 -99.0 -99.0 -99.0 -99.0 -99.0 -99.0 -99.0 -99.0 -99.0 -99.0 -99.0 1.3626991969948672 0.13199021254054918 -99.0 -99.0 -99.0 -99.0 -
236_2_9 58 231.196442 0.419702 -99.0 -99.0 -99.0 -99.0 -99.0 -99.0 -99.0 -99.0 -99.0 -99.0 -99.0 -99.0 -99.0 -99.0 -99.0 -99.0 5.8344510427374425 0.11823010605066032 -99.0 -99.0 -99.0 -99.0 -
236_2_10 227 231.200623 0.41971 -99.0 -99.0 -99.0 -99.0 -99.0 -99.0 -99.0 -99.0 -99.0 -99.0 -99.0 -99.0 -99.0 -99.0 -99.0 -99.0 0.7171334826577207 0.0927270693097601 -99.0 -99.0 -99.0 -99.0 -
236_2_11 138 231.193268 0.412542 -99.0 -99.0 -99.0 -99.0 -99.0 -99.0 -99.0 -99.0 -99.0 -99.0 -99.0 -99.0 -99.0 -99.0 -99.0 -99.0 1.6233045277654536 0.07627909849335811 -99.0 -99.0 -99.0 -99.0 -
236_2_12 115 231.196365 0.411637 -99.0 -99.0 -99.0 -99.0 -99.0 -99.0 -99.0 -99.0 -99.0 -99.0 -99.0 -99.0 -99.0 -99.0 -99.0 -99.0 2.1340274428489767 0.07863826273168772 -99.0 -99.0 -99.0 -99.0 -
236_2_13 45 231.21344 0.4209810000000001 -99.0 -99.0 -99.0 -99.0 -99.0 -99.0 -99.0 -99.0 -99.0 -99.0 -99.0 -99.0 -99.0 -99.0 -99.0 -99.0 7.979946872679759 0.1911131343248904 -99.0 -99.0 -99.0 -99.0 -
236_2_14 256 231.201431 0.407339 -99.0 -99.0 -99.0 -99.0 -99.0 -99.0 -99.0 -99.0 -99.0 -99.0 -99.0 -99.0 -99.0 -99.0 -99.0 -99.0 0.6534313996495988 0.09542551943407472 -99.0 -99.0 -99.0 -99.0 -
236_2_15 161 231.20108 0.404461 -99.0 -99.0 -99.0 -99.0 -99.0 -99.0 -99.0 -99.0 -99.0 -99.0 -99.0 -99.0 -99.0 -99.0 -99.0 -99.0 1.1989470404794156 0.07182050099207171 -99.0 -99.0 -99.0 -99.0 -
236_2_16 32 231.203796 0.404216 -99.0 -99.0 -99.0 -99.0 -99.0 -99.0 -99.0 -99.0 -99.0 -99.0 -99.0 -99.0 -99.0 -99.0 -99.0 -99.0 12.055910077295337 0.22209063013463745 -99.0 -99.0 -99.0 -99.0 Hb-artificat
236_2_17 60 231.21347000000003 0.407567 -99.0 -99.0 -99.0 -99.0 -99.0 -99.0 -99.0 -99.0 -99.0 -99.0 -99.0 -99.0 -99.0 -99.0 -99.0 -99.0 5.515691912608024 0.2540967903131364 -99.0 -99.0 -99.0 -99.0 -
236_2_19 30 231.222809 0.406732 -99.0 -99.0 -99.0 -99.0 -99.0 -99.0 -99.0 -99.0 -99.0 -99.0 -99.0 -99.0 -99.0 -99.0 -99.0 -99.0 12.752637064597295 0.3994161082570384 -99.0 -99.0 -99.0 -99.0 -
